00011000010
00021000001
00303000012
00041101000
00052000020
06004101012
00701000010
80002101001
09002000011
01013110011
01022000011
00315110040
01404000022
00515100122
00166100150
10072201100
00817201123
00919000054
00325000023
00427110042
02054110012
00267201123
007211421134
00287100151
00295000041
00333220010
03404101030
00356110032
006310000073
00378110025
00386100114
09035000032
40042000020
00541000001
06043101011
004710211035
00843000021
00945110022
05055000023
00567110033
07055000032
50084100103
00595100104
00663000021
00762110001
00864101021
00965000023
07074200211
07801000010
07094100103
00897211032
00994110021
21101000010
13013000021
01146220022
01154110021
10164000022
01713101011
01186210122
01195000032
02125100104
12306000042
012411000074
012515101095
10264101003
01277000034
012814320156
0192120000102
03318211051
013415000087
03159000045
013611101091
017311202045
03186000024
019310100163
04416000051
015410330043
016414210175
01745101031
01849100135
04199110008
01556000033
156010000073
01579210134
01856100132
059111000065
01667100142
016715202085
018614211048
019613000049
17072000011
07816000024
019711321062
18082000011
019814101067
09193000030
02222000002
02326201122
02242000020
02526000024
02264000004
02723000012
02286000051
90222000002
02336100141
0234140000212
05239110062
036213202038
02378110034
08236100132
023910000055
42042000011
045212202055
02468000062
02475000041
04289301224
0429183021411
25503101020
025612000066
052711320162
028515202058
029511100173
20666100123
026710220062
06829101044
0269171001511
07275000023
02784000022
07299101035
08825000032
028910311152
09298202033
30332000011
30344000022
35304000022
03366100132
03373110011
80332000011
33097000025
40431000001
03547000025
064313110084
04377110024
03849201161
304913412145
05536201131
035614211057
03579110044
03589101044
03599000027
03664303010
06739000036
038610210153
039610000073
07736000015
03874101003
03979100126
083810000037
083913101075
03995100131
04444110012
04453000012
04646101014
40475110031
04484000013
09447000061
05457110033
054613210156
047513430145
048511211054
045912201137
046610101036
046711000056
0468191001135
09647101024
40773201101
04876000042
04797000034
08483000012
08498201151
04999101044
55066000024
07559000072
55803000021
55904000022
56604000013
07565211021
06588211042
05699210125
57072000020
057814000086
57904110012
05882000020
059810100145
05997101033
06661000010
06679000045
06687201141
06695000032
07767100124
08769220052
096712110047
68803000012
60988000062
60995101004
07771000001
07873000012
07795000014
80786000024
078911110046
07995000023
08882000020
08895211021
09896000015
09992000011
12111000010
11133000012
14112000020
15111000001
16111000010
11713000003
11192000011
12215000032
11238101034
41121000010
11525101022
61212000011
12714110021
11285211021
11295000032
11332000011
13416311112
11532000011
11366000024
13175000032
11388100125
11397200232
41141000001
51411000010
11643000012
17412000002
14181000001
11943000012
15155220030
15164000004
11576000033
81152000011
11956000033
11663100111
11764101021
11685101022
11962101001
11772000002
11871000001
11975000023
18181000010
11897000052
99111110000
12237101033
12248220015
12524110012
16229201143
21278000044
12284201120
12295100113
12336000042
123414210157
12357000034
23167100133
12737101051
128314210175
123910301234
12444000031
145210101072
12466101032
17246000024
128413201129
12498311114
12554000022
125611000056
12757100124
18528000017
19257100133
12665000023
126711210172
126816411257
126912000075
17726000033
21787202032
127914321038
28814210111
128910101054
19295000023
13332000011
13345110031
15335000041
13366101050
13376211031
31383100111
13393000012
41342100110
13459000045
134610000073
17437200223
14839201134
134916210177
13556000042
15637000025
15736000024
138516101078
15937000052
31664101021
176312202073
163812320163
19639000054
17374101021
13878110052
139711211063
18835100122
138911100137
19936100141
41442000020
45142000002
16442000020
44175110022
18443000021
149410211044
41557101033
14567200214
14758100143
158411200245
154912101047
16469100144
46178000035
1486161010411
16946101041
17746310221
41872000020
17946000033
84181000010
149811000056
14996000024
55511000010
156512110074
15578101061
15858100134
15955210121
16657302122
15767100133
16858210115
159610110027
17753000012
157810110036
15977202041
58815000032
159810101054
15997000043
16664110030
61763000021
16687000052
69162000011
16774000013
17689000027
167911302144
18687201123
186912110047
16995211021
17787210123
97171000010
17884110003
17987100133
91973000012
81883100102
89182000002
18995000023
99912000011
32222000002
22242101001
22253000012
22261000010
22272000011
22821000010
92221000010
32322101001
22434000022
225310101054
22633000021
223712110056
22383000012
22394100121
24421000001
24256101023
22464201102
22746110023
22843210101
22946000024
52252000020
22658000044
22754110012
225810100145
22596110032
62264000022
26272000011
226810412124
26298110025
22774110003
28272000011
27297100142
22887000043
28924000022
22994110021
32331000001
23346210113
32357100124
26338201133
27335110022
23385000023
23394211002
23444220020
23547200241
236410101063
243710320143
234810000055
239413201183
23557000034
236513100148
25378101043
253811202045
239516632155
26366000024
23678321014
26838000053
26397100151
37272000002
27389100153
237910110018
23887110033
23989210134
32994000040
42441000001
24544000022
24645101022
247410110045
24486000033
24947100133
25456000051
24658101025
24757110042
254814311138
42957210123
46627100124
42676210122
248613101075
26499201152
24775110031
27487000025
279410210153
28845000041
28494110021
42995000032
25551000001
25566100141
55271100100
25586000015
55296000051
25665000041
25768100125
25864000031
526914201175
27751100100
27859000072
25796000042
58284000022
29586000033
29955000041
66262000011
62674101030
26684100103
26965110022
26773000003
278615000069
276913101048
28862000020
29869110062
29964200202
77272000011
27872000020
77294000013
28786101032
29789101044
27995000041
82882000020
28892000011
89295000023
99921000001
33343101002
33352000020
33371000001
33381000010
33444000031
34354210111
34364110012
33478202042
33849312042
33943000012
35534101012
33569311151
57332000011
53383101002
35395000032
33664000013
63374000031
33862000002
36935101022
33786000042
33976101014
33883000003
383912000048
33993000012
43441000001
34544000040
34643000012
34473000030
44383000030
44393100102
35456000042
35647110042
374512200273
35849210125
34959100162
63641000010
46375000014
348610211026
369412000039
47733000003
347815210158
37497110042
38844000031
348914321047
93492000002
55351000001
35564101021
55373000012
53584000031
35957110042
36656100114
35678320141
36854110030
53696000024
357814101094
593711000065
38853000003
358910101036
99531000001
36662000020
36674000022
38665210130
36694201102
67377110051
36788100116
367914000068
386810110045
39689000054
36994100121
77387101033
37974201120
38875110022
379811211054
39797101033
38897110015
98391000001
93991101000
44461000010
44471000010
44844302101
44492000020
45542101001
44565201112
44757100133
44856100114
44595100113
44665000032
67443110002
44688000017
69446000015
47472000020
44787000061
44797000061
44984000031
45552100101
54564000022
54573000030
54855000041
45596302112
56463000021
46578201124
458611110073
45968101043
475710210135
478512311145
45799110053
84852110001
48597110024
45991110000
46662000011
46678200233
466810101054
46968000044
47762100101
647812320154
46797311131
46887210132
469813000058
69943000003
47773000030
47877100124
48784000004
478913000049
479911100155
84883000030
84897100115
489910110063
49991101000
65551000010
55572000011
85551000010
56563101011
55673000030
55864210102
55698200233
55771000001
55877110015
57953211010
55884000031
58595100113
55993000012
65662000002
65765100122
65862000011
56693000021
65771000001
5687192011125
56979210143
56883000012
56897000034
65994100112
77573000030
57782110001
57972000002
57888100152
589712110065
59795100122
88851000010
58894000022
59893000030
59993000021
67662000011
66681101000
66693000003
67672000002
76684101012
67694202011
86681000010
69863110011
66992000002
67774000004
79766110023
68786210131
69787000043
79962000020
68882000002
68985000032
69894000022
96993000003
77772000020
77872000011
77972210100
77896000024
79793000012
87985000041
78992000020
79992000011
89982000020
89991000010
