90001000010
41001000010
01061000010
08011000001
10901000001
24001000010
00821000010
00351000001
06301000010
30701000001
09301000001
40701101000
50051000010
86001101000
60901000010
80091000010
00991000001
14101000001
01151000010
10161000001
01712101001
11082000011
09111000010
20311000010
12042000011
10823100111
90121000010
15032000011
07131000001
04512110010
16402000002
01742000020
14801000001
41901000001
50611000010
15802000020
09511000010
60611000010
61072000011
08611110000
19601000010
80911000010
32201000001
33203100120
23401000001
26301000010
03271000010
02931000010
04521101000
02471000010
20842101001
09422000002
72051110000
80251000001
59021000010
26601000010
07621110000
06821000001
02693000012
97201000001
08821000010
98021000001
53301000010
90331000010
04351000001
43603110020
34801101000
50531000001
50361000010
03593000012
06731000001
78031000001
09832000020
93901000010
44041000001
04641000001
40471110000
54051110000
56042000002
57041000001
09542000011
04861000010
96401101000
04871000010
08481000001
40993000012
60561000001
80561000001
56902000002
88051000010
80952100101
99051000001
68061000010
60981000010
60991000001
07791000001
97902000002
09891000001
11191000001
11232000002
21511000010
62111000010
21171000010
51511000010
71511000001
81151000010
11951000010
11661000010
23211101000
21821000010
13241000001
21531000010
21392000002
15421000010
14281101000
21941110000
57121000001
52911000010
12662000002
26711000010
29611000010
82711000001
12792000011
18922000002
19291000001
33311000001
34131000010
36131000010
17331101000
34511000001
74131000001
91431000001
53911000010
63611000010
36711000010
16382110010
61931000001
37711000001
71832000011
81381000001
45411000001
16441000010
44711000001
45511000010
81541100100
49512000020
71471110000
84181000010
94811000001
56152000020
15752000020
81552100101
59511100100
15761100100
86511000001
15971000001
91851000001
15991000010
69611000010
16771000001
76811000010
61882100101
91961000001
87171110000
97171000010
88181100100
22521000001
33221000001
32421000010
23523000012
22391000010
64221000001
48221110000
24292000002
52271000001
85221100100
29262110001
72271110000
82282000011
28921000010
92921000010
53321000001
33262101001
23382000002
23441110000
45322100110
24373000003
43291000010
35251000001
82531000010
25391000010
36821000001
69321000010
37272000002
79321000010
27443000012
42481000010
24941000010
55421000010
24653000012
74251110000
62641000001
97241000010
25651000001
55281000001
59251000010
62651000010
95262000020
58272000020
98251000010
29951000010
86261000001
28861000010
99261000001
28781000001
82971000010
99721000010
92891000001
34362000011
53381101000
95331000001
33661000001
83371000010
39731000001
38831000001
44631000001
35451000010
47531000010
53841000010
43951000010
48631000001
64931000010
73481000010
43971000010
49831000001
57531000001
55381000010
56631000001
63851000010
35782000020
59371000001
53981000001
39672000011
86931000010
87731000010
38972000011
79392000011
38981000001
45541101000
45461100100
94461000010
55642000011
54952000011
45862000002
59641000010
47853000012
59741000001
85941000010
47661100100
84661000010
64961000010
74761000001
96742101010
84681000010
46982000011
78741100100
97841000010
99471000001
88481000010
84981000001
49982000011
66551101000
55862000002
57951101000
57684000031
75691100100
75781000001
57971000001
78851000010
59782000011
79591100100
58891000010
89951000010
99951000010
87681000001
78692000011
68881000001
96891000010
96991000001
77871000001
89981000010
