00017101060
00023100102
00036000024
00042101010
00054000031
06005101022
00072000011
80003101011
00904100121
01015210121
00219220034
001315220085
00147201132
005114201175
001610100172
01076201113
00819201125
009117000098
00221000001
003212000057
004210220044
00257110033
002614402255
007218421177
002810100172
002910200244
00336220031
00348202060
003510311143
003613000094
003711110037
00389100126
00939000054
00448101052
00543100111
00467211014
004714321056
00846000051
009413211074
00556101023
005614541054
00579000063
005810210135
00599100117
00665000032
00766310212
006812202046
009610000055
007710310243
00784000031
07098100125
08082000002
008911321053
00996110023
10111000010
10125000014
10135000032
011412330036
01159210161
101612311145
01718211033
011810210153
01199000063
021210100136
012318100189
012419110099
0125242020148
012613412145
012712000066
01282643011012
0192242011139
033111211054
0134203210107
0315222101812
0136192011143
0173182020115
018318100189
0139223012118
014411000083
015417431076
0164254301129
017413101093
0184204103511
0149215311313
015511101046
1560171001115
0157183201510
018514300365
0195211100911
016611200254
0167224121117
0168263111716
0196210000813
017711110055
0718152011310
0197225311116
08814000022
0198221010912
01999100171
02224110012
023210301225
02245000032
02259101035
02267100106
02726000024
022811100164
029210000064
02339100162
0234242101715
0523204112115
0362224130612
0237192101611
023817100188
023915101068
04247000025
02542430301011
024614000086
024712312072
024819621358
0429273021816
05527101024
02562411001310
027518521294
0285222020812
0259242002166
20669200225
026721430198
0268192020116
02692420021012
072711210163
027813000049
072918412186
08829210152
028912311163
029914422073
30333000021
30346000033
33058110034
03369210143
03379210152
033811312053
330914101049
034410000055
035415101059
03463442112010
034720220099
038414302192
0349226231106
055310302134
0356193210610
0357213201810
0358181010116
0359211001713
03668403113
0637202011810
0386257214108
039614100194
073712110029
038714411228
0397203021512
0838150000510
03893141211710
03999100162
04444110012
04459000054
04649101026
40477220032
044812110065
0494130000112
054510110054
05462731021311
0475234301811
0458234112118
04592740311211
0466172020510
0467222110713
04683010011613
0649191010711
04777201123
0487220000913
0479161010105
08485000014
084917301268
049912211055
50552000011
065510000037
075514000095
055810110045
059512100156
56608101025
056718211079
056815311175
056919412178
07577000034
0578211001128
059712412153
05884110030
0598202011612
05999101044
06663100111
066712000048
066810302152
066913211074
077614100158
0786193300115
09672311001111
68086000033
069816000097
09699202025
07774000022
07879100153
07799100135
078812101056
078917110088
079913000085
08884000040
088911211054
098910101027
09993000021
11213110011
11135000032
11145000041
15113000012
16112000011
11715000023
11811000001
11193100111
112211000047
112311101046
11429000054
112510201153
11268110052
12176110032
112813312073
11299220043
11333000021
113410311134
11537000061
11369211025
113710000064
113819100199
113912310245
11445201112
41156101041
11648210133
17415101013
114811211063
11946000024
115510320161
116511100146
115712000066
151811000092
115911000083
11664100121
116711101091
11689101053
11967101033
11777110015
11873100102
11977000034
11884101021
118911200263
91193110011
122314202057
122413420236
12527110024
162215302175
122711000056
12286201140
12299200234
123314000086
12342421011111
1235191001810
126317100188
1273172110105
1238202101108
123920604295
12448100152
145219412187
124612302163
1247222011911
1248255113317
124914311147
12556000042
1256180000711
127513201147
1258193210313
125914100194
126611000056
1267245113127
12683351131315
1269202200108
127716100178
127815302175
1279263210617
18827320122
128917311186
129915211067
13332000011
13349220052
133514000095
13367101060
133711412143
13839311115
13399000036
143410210153
1345254031912
134618321096
137420520387
134822613279
1349212101109
13558000053
1356193102610
135716000079
13852520201211
159313110084
163612201155
13762430211110
1368244211119
1396233012119
137712211055
1378182101106
13792932101313
188310100145
1389192011512
13997100151
14443110020
45143000012
14646000024
14749110026
18447000034
149416532065
145510101054
145611200236
145716311176
1485213102810
15492321101110
164614100167
1647220000139
14863642201220
146916202086
174711310235
17848000071
179412000075
48183110020
149814101058
149911101046
55512000020
156513110084
155710101072
158512210137
159510210135
166511403143
157613100166
1568172101411
1569233111812
17758101043
1578171100610
1597235131126
158816000088
159814201166
159911000056
16664110030
61674000022
166811101055
19664000022
16775000023
1768222200911
167917403176
186810201135
1689223210613
169911312062
177810310234
17976101032
17886110023
179818411286
79195000023
81885100113
88915000005
18998000026
19996000024
22221000010
22234000022
22245101013
22253000012
22261000010
22275000023
22284000022
22293000021
22336101023
223410211044
223515201167
22365000041
223713110057
22387100133
22396100141
24422000002
242511101055
224612402235
224714220066
22487210132
224910110036
25256110032
225617110079
22759220043
2258161001510
22598210133
226610110045
26278110034
226812412135
229612211037
22775110013
22787210123
272911201172
228810000064
228912110074
22997110033
23334000013
23348310214
323512201164
263311201145
233711110055
23389100126
23398211033
23445220030
235416401366
2346204022106
243714320147
23482521101310
2394195221113
235510000046
2365222101911
235714202066
2538262020159
2395287331813
26367000025
2367164220210
2638210000147
263914100167
27737201114
2738201001109
2379202110612
238810110045
2389193201106
32997000061
42441000001
24548100134
24649101053
244715220067
24486000033
249415100168
254510000082
2465152110310
247516210177
2458306231915
2459192101512
246613210156
247618521276
2486222011119
2496183111105
247711110055
2478231010814
2794202101108
28488000071
284913220083
29498110043
25551000001
25569403141
25575100131
255810000046
55297000061
256612101074
2567192101611
258611100164
52692651131011
27577100133
2758255302137
2579221100147
25889000063
2859180000810
29956000051
62667101033
62678101052
26688100125
269612210146
26778000017
2678211100911
2697255230812
28688101043
2689201100118
296910200244
77274000022
27787000061
277911311135
278812201173
297819312097
279912110092
82883000021
28895100122
29988000035
99921000001
33331000010
33346101005
33354000031
33362101010
33372110001
33385202030
33392100110
33447000034
34356210122
34365110013
334713302155
338416523065
33944000013
35534101012
335613311164
35378110043
33586101014
335913101066
33665000023
33769000063
33686000033
33968101034
77332000020
337810110063
339712101047
33884110003
3389191010108
33995000014
43445000014
345411000074
34646000042
344711101064
34487000043
349411201163
34559101062
346513110084
3457233012128
3458213102711
3495202002117
43665000032
36748000026
3468244211713
3694221100714
34778000026
34783162131411
374918422068
34888000044
348917321059
49939000045
53552101001
35569201152
55374000013
355812100165
359512210173
36657100115
3567234202118
365817110097
3659212101811
35777000034
3578232110147
3579234130811
38857000016
3589232020714
35997100106
36665000032
36678000053
386610210144
366911201136
367714210175
367817210178
36792531201111
368816210177
389617211087
36998100125
73789101044
379712402244
37889110053
379820412179
397910101045
38899110026
89938000017
93994101012
44441110000
44454000040
44463000021
44471000010
44846302112
44495110031
44554201102
44569411214
445714200275
448513100175
44599100135
44666000042
46747110015
446812101047
49469101026
44776000042
447814210193
4479162011122
48483000021
44989000054
44993000030
45553100102
45569000045
45578110043
545810000073
455915513146
45667000052
4567184013410
4568202110108
4596201010118
475713210147
457822421199
457916110087
45888110034
485918312069
45997211023
46666200213
466710310243
466818302178
466914110076
47767300331
4678253201148
467915311157
468810210135
4698291010919
469910422024
47774000040
478710100145
47794000031
487810000046
4789212002712
479919210189
48886000051
488910100118
489917110097
49994101021
55551000010
55653000030
55574000022
55582000011
55952000002
56566101032
55678000053
55866210104
556913300346
55774110021
557813110039
57956211022
55884000031
58597201123
55995000023
65665100113
65767100133
56688000035
56697101024
56775100122
5687272011178
569719412178
56888000044
568915201167
59969100135
77575000032
57787110024
57973000012
578810100154
57892511001410
597913100148
88851000010
58896000042
58999000045
59994000031
66674200211
66684101003
66694100103
67676000033
66787101015
669713413054
86681000010
68965110013
66993000003
67774000004
67878000026
769710220035
687812311154
697817311186
79699210152
68883000003
689813110066
689910000055
96993000003
77773000030
77785000032
77972210100
77884000013
778915000087
77996000024
78882000020
789810000082
78996000033
79993000012
88892000020
89897100151
89992000011
