00021000001
90001000010
11001000010
03102000020
10042000020
50101000001
00612000020
08011000001
09104000013
32001000001
24001000010
02053110002
60201100100
02072000011
00823000021
30402101010
00352000011
06303000030
30702000011
00381000001
09301000001
04702101001
50052000011
05603110002
50802100101
00661000001
08062101010
60901000010
70091000001
80092101010
00991000001
01142000011
01151000010
10161000001
01712101001
11082000011
09112000011
02122000002
20132000011
01243000021
01525000032
01723000021
10825210112
09213000030
31301000010
43012000020
15033000012
30162101010
07131000001
10831000001
31092000011
14401000010
01543110020
01644000013
01744101030
01842000011
41903000003
50611000010
05172110001
15802000020
09513000021
10662000011
01674000022
08612110001
19602000011
81701000001
01972000020
80912000020
10991000010
02221000001
30222000002
40221000010
06221000001
23034100121
23404000004
52031000001
26302101010
03274000031
30282000011
02931000010
04521101000
02471000010
04283101002
09244000004
25502101010
02565000023
20573110020
80251000001
02954000031
26062000011
07622110001
06821000001
02694000013
77201000001
02782000011
90722000002
08822000020
98021000001
30332000011
30431000010
35302000020
37032110010
90331000010
04351000001
30466110032
40731000001
34803101020
49304000013
50531000001
50364000031
03752000011
08532000011
03593000012
03661101000
06733000003
36083100111
60932000020
73701000001
78031000001
03972100101
09833000021
39093100120
44041000001
04642000002
40471110000
49401000010
54051110000
56042000002
05473000021
04851101000
09543000012
46062101001
04685000041
60492101001
40771000001
04872000020
08481000001
40891000010
40993000012
50571000010
58051000001
95051000010
56603000003
80562110001
56902000002
77501000010
58702000011
97051000001
05882000020
80952100101
99051000001
66083100120
67701000001
80671000010
76901000001
68801000010
60982000020
60991000001
07791000001
80782000011
08793110011
97902000002
80881000010
09882211000
09892000002
09991000010
14111000010
11191000001
22111000001
11234000004
41121000010
21511000010
62111000010
21171000010
11292000011
13411101000
17132000011
91131000001
91141000001
51511000010
65111000001
71511000001
81151000010
11951000010
11661000010
11762000020
18181000010
81191000010
12232101010
12423220001
21252110001
22163000021
27122000020
21821000010
12291000001
12332000011
12345000014
12353000012
32161000001
12732101010
32811000010
12394201102
15421000010
14285101013
12944210102
15622000011
27513000012
58211000001
52912000011
12663000012
26712000011
12684101021
12962000020
82711000001
12793000012
28811100100
18922000002
19291000001
33311000001
34131000010
33511000001
13362000020
17331101000
91331000001
44131000010
13454000004
31742000002
14832000011
43912110001
15631000001
18354101012
53911000010
63611000010
36713101020
16386110041
61934000022
37711000001
71832000011
91371110000
31882000011
19835000014
45411000001
16441000010
44172000011
94142000011
45512000011
14561000010
17542000011
18454100121
49515000032
41663100111
67413000021
16483000021
17743310200
49171000001
84181000010
18942000002
41992000002
15655000032
15575101040
58153100111
15953100120
65162201100
15761100100
51863000012
56912000002
57182000011
15971000001
85181000010
91852000011
15994000031
61661000010
66711000001
18662000002
69611000010
16771000001
76813000012
61884100121
81692000002
91961000001
87171110000
97171000010
17881000001
87193100111
88181100100
32221000001
22522000002
92221000010
32322101001
23422000020
23524000022
27323000012
22392000011
24421000001
24252000011
64221000001
27421000010
48221110000
24293000012
56222000020
52271000001
58223100111
25292000011
29262110001
22772110001
28271000010
72921000010
82282000011
28921000010
92292000020
32331000001
32431000001
52332000002
33262101001
72331000001
23383000003
33921000001
23443220010
45322100110
46232101010
24373000003
23482000002
23943000030
35252000011
72352000011
82531000010
25393000021
62371000010
32683000021
26393000030
37272000002
73294110012
23881000010
92381110000
24542000002
27443000012
24482000020
24941000010
55242000020
24654000013
25474110021
48251000001
59241000001
62642000002
64721000010
46282101001
64291100100
47272110001
47281000010
29475110022
28841000010
92491000010
25562100101
55271100100
55283000003
59252000020
26563000030
57262100101
52695000032
27751100100
27854000040
85922000011
29951000010
66261000010
66721000010
26682100101
62961000001
27863000012
29674000022
28862000020
99261000001
28781000001
82971000010
99721000010
92892000011
34363110011
43731000001
83341101000
35531000001
73531000010
53382101001
35393000021
33662000002
33872000011
39731000001
33882000002
39383000021
43441000001
44631000001
74341000010
44381000010
35452000011
46353110020
47531000010
53841000010
43951000010
74361000001
48631000001
49634000022
38475110040
43971000010
38842000011
39485101022
57531000001
55381000010
59531000010
56631000001
37562110010
63851000010
53691000001
35785000041
59372000011
53981000001
66631000010
36671000001
66831110000
67371000010
37684100112
37694000022
68382000011
68392000011
96391000010
77382101010
37972000020
83871000001
38972000011
39793000021
38981000001
44471000010
45541101000
45462100101
47451000010
54842000011
64641000010
94463000012
47741000010
78441000010
44791000010
55463000012
54571000010
55841000010
54953100111
56462000011
57641100100
45862000002
59642000011
75471000001
47854000022
59741000001
85941000010
46662000011
47663100102
84662101010
46965000032
47762100101
74862210100
69743101011
84681000010
46983000012
77471000010
77482100101
48782000002
49875000032
74993000021
88482000020
84981000001
49983000021
65652101001
55862000002
55691000010
55872110001
57952211000
55881000010
59591000001
65661000001
95661000010
56876000042
69752100110
68581000010
95682000011
95691100100
75781000001
57971000001
75882000020
59783000021
59792100101
58891000010
89951000010
59993000021
66681101000
66692000002
76861000010
67693101011
98661000001
68784210111
78693000021
68881000001
89962000011
96991000001
77871000001
77891000001
99771000010
78991000010
89981000010
89991000010
