00021000001
00301000001
00041101000
00052000020
60001000010
00701000010
80001000001
09002000011
11002110010
00314110030
01404000022
00513100111
00164000040
08013000012
01096000024
00323000012
02044000022
02054110012
00264100103
00725101022
00825000041
00294000040
00332220000
30402101010
00353000012
06304000040
30703000012
00383000012
09302000011
40401000010
06041101000
04704211002
00841000001
49002000011
05053000012
00565110013
50702000011
50802100101
95001000001
00661000001
70061000001
00863101020
60903000012
07072100110
07801000010
70092000002
08093101020
00993110011
21101000010
01144110012
01152000020
10162000011
01712101001
01813000021
09113000012
02123000003
12304000031
01246000033
01259000054
12062101001
01723000021
10826320112
09216000060
13032101010
03415000023
03156000024
30163101020
07133000012
10833000012
09135000041
04413000030
01545220030
01648000044
01744101030
01845100122
04195000005
01553000012
15604000040
05173110011
01855000032
09156000033
06614000022
01678101043
06186110023
01966000024
71071000001
18072000011
01978211051
18081000010
08196000042
09192000020
02221000001
23023000012
40221000010
50221000001
06222000002
02722000002
02335100131
04327000016
35023000021
06326202013
02376000033
30283000012
02933000021
04526101032
24602000002
02471000010
04284101012
042910201117
25502101010
02568000035
05726110041
02854101003
02956100141
20664100121
07624110021
06826101032
02698000026
07723000021
02783000021
07296000024
08823000030
20893000021
20994101012
30332000011
30343000021
35302000020
03362000011
03373110011
83301000010
33902000011
40431000001
03544000022
30468110043
04732110001
03846101041
34905101013
05534201111
03569000045
03753000012
08536101014
03596000015
03663202010
06733000003
36084100112
03966000042
73701000001
70832000002
03973100102
08384000013
09837000034
39093100120
44041000001
04453000012
04643000012
40472110001
44081000001
44903000030
54053110002
05646000033
05475000023
04856211022
09545100113
06464101003
06745000032
04688000062
40966101023
40771000001
04874000031
04792000011
08482000002
40892000020
40996000033
60551000010
50574000040
58052000011
55902000020
56604000013
57061000001
06586211031
56903000012
77501000010
07586000024
97051000001
05882000020
05986100114
99051000001
67061000010
66084100130
06692000011
07764100112
70684220011
70693000012
68803000012
60985000041
60992000002
07771000001
07793000003
80784000022
08795110022
09793000012
80881000010
09882211000
09893000003
09991000010
14111000010
17112000002
11191000001
12212000011
11236101014
41121000010
15213000021
61212000011
21172000011
18211110000
11294000031
11331000010
13413201101
11362000002
17133000012
11381000001
11394100112
41141000001
51411000010
11642000002
71411000001
14181000001
91141000001
15512000020
65111000001
11753000012
81151000010
11952000020
11661000010
11763101020
11961000001
71191000001
18181000010
11893000030
12233101011
12245220003
21252110001
21626100132
21274000031
21821000010
12293100102
12333000021
12346000015
12356000024
32165100122
12733101020
12836210122
12395301202
14242000020
14525101040
16421000001
17242000002
14286201113
12944210102
12553000012
12564000013
27513000012
25813000003
21594000022
12663000012
12674000031
12686301221
12964000031
72172000020
27184101021
12797110024
28813100111
12898101034
19294000013
33311000001
13344110030
15334000031
13363000030
17333101011
31381000010
91331000001
44131000010
13454000004
14631000001
31742000002
14834101021
13498210142
13552000020
15632000002
15733000021
13859101035
53914000031
31662000011
31677101042
16389320151
61396000033
17732000011
71834110021
71392110010
31883000021
13898000035
31991000010
44141000010
45411000001
16441000010
44173000021
14947211032
45513000021
14564100112
14754000022
15848100143
15497101033
16464100121
46175000032
14868101034
19462000011
17743310200
71841000010
49171000001
84181000010
14988000035
14994000013
15659000063
15575101040
15856100123
15953100120
51663302100
15764100121
16855110013
56913000003
57171000001
57186110023
15973101011
85181000010
19585000041
15995000032
61662110010
61762000011
16685000032
69611000010
16772000002
67185000014
16792201100
18687201123
18695110013
16994211011
87174210111
97171000010
17882110001
87193100111
88182100101
98811000001
18991000001
99911000001
32221000001
22522000002
22272000011
92221000010
32322101001
22434000022
22536000042
23275000014
22393000021
24421000001
24255101022
62422101001
22744000022
48221110000
24294000022
52252000020
25624000022
52271000001
22585100122
25294000022
62261000010
26271000010
28626311112
26298110025
22772110001
28272000011
27294000031
22885000041
28923000021
92292000020
32331000001
24334210102
52332000002
32633101011
27332000011
23383000003
33921000001
23443220010
23543100120
23644101030
24377110033
23486000033
23948201160
35252000011
32655100113
25374000013
82531000010
23956110023
62362000011
27634101012
26834000022
26396000051
37272000002
28375000050
27397110015
23882110010
23984210111
42441000001
24542000002
64421000001
27446110023
24485000023
24944000031
54523000021
24657101015
25475110031
42586000033
59243210101
62645100113
42674210120
24866101023
42964100130
47272110001
47282000011
29477210132
28842000020
84291000010
92493000021
25551000001
25564100121
55271100100
25584000004
59253000030
25665000041
25766100114
52699201152
27751100100
27855000041
25972000011
58284000022
82593000012
29953000021
66262000011
62674101030
26682100101
26963110011
26772000002
27866000024
27696000024
28862000020
29865110031
99261000001
92771000001
28782000011
78923000021
27992000020
88281000010
89294000013
33341000001
35331000010
34431000010
53341110000
34363110011
37343000021
34835202021
43931000001
35532000002
36533101020
73531000010
53382101001
35395000032
33663000003
63391000010
33873000012
37392000002
33883000003
39383000021
43441000001
35441000010
44631000001
74341000010
44381000010
35454000022
43656110032
37458000053
53842000011
39545100131
46373000012
48632000002
49636000024
34789210152
39473110011
38843000021
34897101033
93492000002
57531000001
55381000010
53594110021
36653000012
37564320110
63852000020
53692000011
35787000061
59374000013
35894000004
99531000001
66631000010
36673000012
38663210110
36691100100
67373000021
37684100112
37698000035
63885000032
68395000014
96393100120
77384101012
37972000020
73884110012
37985101022
39795000032
38983000012
98391000001
44471000010
44841100100
44492000020
45541101000
45462100101
44754100112
54842000011
54491000010
44663000012
64483000012
94464000013
47741000010
44784000031
44793000030
84941000010
55463000012
54572000020
55843000030
45595201112
56463000021
46574100121
45865000023
59642000011
47753100102
47858101034
45793000021
85481110000
85943000012
45991110000
46662000011
47663100102
66844101012
46966000033
47762100101
74863210110
46794101021
84682000020
46986000024
77471000010
77484100103
48783000003
47989000036
74995000032
84883000030
84983100102
49984000031
49991101000
65551000010
55571000001
65652101001
56571000010
55863100102
55694100121
55874110003
57952211000
55883000021
85592000002
59591000001
65662000002
66572000020
56692000020
56879000072
56976210131
68582000011
56896000024
69952100110
77752000020
57782110001
57971000001
75883000021
59786000042
59793100102
58892000011
59892000020
59993000021
67662000011
66681101000
66692000002
67671000001
76862000011
67694202011
98661000001
77761000001
79763000012
68785210121
69784000031
99671000010
68882000002
69882000020
69893000012
96992000002
77772000020
77871000001
77891000001
79792000011
89871000010
78991000010
79992000011
89981000010
89991000010
